"Macrorregião de Saúde";"2007";"2008";"2009";"2010";"2011";"2012";"2013";"2014";"2015";"2016";"2017";"2018";"2019";"2020";"2021";"2022";"2023";"2024";"2025";"Total"
"4308 VALES";28;625;607;585;642;708;684;717;863;708;816;857;779;751;675;835;784;940;889;13493
"4309 SUL";32;602;524;563;538;584;527;577;499;512;495;484;437;397;484;476;562;456;465;9214
"4310 SERRA";27;446;436;525;462;503;525;489;548;607;663;482;525;477;471;558;524;516;562;9346
"4311 NORTE";28;581;672;765;671;775;848;858;993;947;1125;1106;1068;913;1066;1108;1109;1192;959;16784
"4312 MISSIONEIRA";25;648;614;672;732;776;844;732;734;778;797;726;801;709;703;705;701;855;717;13269
"4313 METROPOLITANA";123;1940;1933;2195;2211;2283;2398;2588;2685;2706;2725;2621;2685;2166;2421;2668;2764;2998;2917;45027
"4314 CENTRO-OESTE";32;709;608;669;617;585;491;446;439;505;475;463;530;473;467;506;644;672;685;10016
"Total";295;5551;5394;5974;5873;6214;6317;6407;6761;6763;7096;6739;6825;5886;6287;6856;7088;7629;7194;117149
&
